plane 0 0 0 1
circle 0 -127 128
circle 40 -89 90
circle 45 -48 51
plane -15 0 1 0.3
plane 120 0 -1 1
plane 140 0 -1 0
rect 0 3 3 1
rect 6 6 3 1
rect 14 6 3 1
rect 45 5 2 1
rect 40 8 3 1
rect 45 11 3 1
rect 40 14 3 1
rect 35 17 2 1
rect 0 19 60 2
rect 65 0 2 4
rect 67 0 2.2 8
rect 69 0 2.2 12
rect 130 0 120.2 16
light 5 10 0.2 200 255 255
light 10 10 0.2 200 255 255
light 20 15 0.2 200 255 255
light 2 10 0.2 200 255 255
light 0 14 0.2 200 255 255
light -10 12 0.2 200 255 255
light -7 10 0.2 200 255 255
light -15 13 0.2 200 255 255
light 45 10 0.2 200 255 255
light 50 10 0.2 200 255 255
light 54 13 0.2 200 255 255
light 60 15 0.2 200 255 255
light 42 10 0.2 200 255 255
light 40 16 0.2 200 255 255
light 30 12 0.2 200 255 255
light 33 10 0.2 200 255 255
light 25 13 0.2 200 255 255
light 85 10 0.2 200 255 255
light 90 10 0.2 200 255 255
light 100 15 0.2 200 255 255
light 82 10 0.2 200 255 255
light 80 14 0.2 200 255 255
light 70 12 0.2 200 255 255
light 73 10 0.2 200 255 255
light 65 13 0.2 200 255 255
player 0 4
enemy 10 3 1
enemy 14 7 1
enemy 100 17 1
enemy 120 17 3
enemy 0 21 1
enemy -20 21 1

nextlevel dm_runoff
